CP038996.1
39032 51180
121010 121130
126151 130872
157114 157163
157302 157464
206383 208278
219224 222399
223816 224008
234318 235791
239801 239897
243837 246945
247222 253635
254004 254132
255174 264612
264953 266298
270537 311661
314220 314348
330600 330724
416965 418031
424624 426164
447094 449783
463045 464376
476422 476545
479941 481306
534274 539744
542153 543206
549582 550913
724328 725849
773297 774000
774861 783150
783294 783423
794710 794900
796003 796094
796353 805334
832894 838165
840514 846968
848295 848453
929176 935233
976525 978144
978715 979890
983049 983431
984288 987064
1504832 1506722
1531276 1532824
1568409 1568653
1569135 1569509
1589917 1593295
1594340 1595709
1678629 1680101
1732020 1733206
1743598 1745119
1763707 1765228
1775302 1775543
1782640 1789958
1791530 1792197
1806798 1808580
1821987 1823326
1931857 1931978
1943771 1944836
1946266 1946855
1953411 1953472
1963279 1964800
1991596 1995968
2001086 2001935
2005660 2019155
2019662 2031865
2053901 2059602
2095703 2096768
2115385 2117275
2163056 2164577
2212375 2213749
2226787 2305179
2305266 2305572
2305662 2307362
2307568 2308642
2309181 2316942
2317585 2329702
2439999 2441722
2455712 2455835
2463749 2465270
2491788 2493471
2503820 2505228
2534904 2541038
2618659 2618900
2637229 2641510
2647219 2647545
2649172 2655826
2659190 2659393
2692723 2693226
2774763 2778190
CP038997.1
1 55465
56276 61627
62437 73300
74342 92719
94052 102144
102954 123020
